904140
438702
649439
515174
698932
176608
776189
178990
592638
761417
654010
459163
185092
123135
787267
795227
417079
974072
759135
567262
327010
678546
760532
288707
132681
934929
530966
885388
511076
616728
265128
102317
295698
561812
384205
336967
959529
158935
440610
225378
106026
868215
285458
247581
134945
279104
813230
670919
935647
685592
646546
248924
830961
715126
761200
364840
580602
141491
748813
145110
994657
148209
205000
818027
602490
565551
351440
370273
830033
331305
826913
571767
651079
463593
533469
731432
704062
808528
460693
999117
666969
222636
185524
588386
767502
375160
375703
985503
699933
887259
148980
813172
402777
238686
645330
284510
546405
739291
295063
312408
533506
751172
370240
448672
800876
330694
425283
168328
248549
135548
809075
551975
144309
905163
162657
884571
891917
681136
848114
816561
992384
143067
757349
744272
757672
565488
891879
221326
675502
887378
402288
860755
387716
260807
465638
933871
216251
437442
450482
479938
894026
952036
226744
855286
741180
365284
467728
909810
330025
935580
530681
374405
729446
604496
422668
753614
500295
314157
498325
330674
607888
587081
186556
200939
284820
133034
601269
620857
596888
445763
345328
982418
952225
389502
856677
727331
470067
366440
911280
696455
829171
863020
526302
461148
884389
963613
830518
324742
231002
414551
591644
952979
785093
814031
365940
238903
867140
217608
178361
423151
321714
940226
585887
595579
220626
403047
936300
162622
238861
738123
773640
801269
953412
955853
132922
606583
597267
495436
426618
872602
474029
199374
405146
543152
530685
850279
397840
608999
730527
754309
687791
854469
181264
199401
123831
857327
514413
656489
110594
796556
988603
560881
316132
390412
222560
844667
673989
904072
734427
114855
325328
863310
929251
462601
920879
321689
597826
620607
374974
852925
512595
868023
516732
690296
540629
242589
544818
170356
568531
985048
884816
177944
614445
642283
439118
495027
749696
609788
469148
120729
931887
498628
638318
258019
852822
721580
311343
817581
684974
267065
603617
207152
153188
454056
150967
664950
267498
510879
463913
610381
960139
767174
381749
542547
912115
476246
347212
272981
888037
367758
816996
576044
839446
150681
423498
120797
379528
232654
745600
863520
259564
876426
184023
700846
545553
731904
198340
127302
407625
439591
696228
862109
535493
964351
376643
220766
208324
536515
282446
560996
562854
178215
907292
818317
383251
225491
160964
585147
987709
170020
437962
771596
571230
726833
397357
344503
919447
268819
825713
170826
278733
149119
735055
533103
596677
981415
869197
422124
952935
107014
469374
472005
972370
979845
584920
598068
562693
579206
570683
282923
482380
218091
318849
251121
425588
223063
372440
948458
684165
629870
126987
637704
310210
166187
455808
715450
125320
960338
860952
488639
559827
655979
629470
960738
262007
711535
578298
731386
473075
692522
853704
903187
510235
187144
210397
921101
741685
567590
419610
573655
946669
806564
951290
319855
504699
510460
490455
358475
788972
472606
776453
110511
453144
939508
497055
744986
916876
179776
533956
495501
763100
687221
747896
602635
490176
745854
296506
306261
872399
193528
683644
613435
391995
296398
160652
137369
121636
173331
287587
144785
978550
729047
302374
535801
550845
222350
909603
578377
228917
967109
305947
166501
684260
102628
437522
184572
184540
256050
371070
639876
747775
220695
551253
654822
960348
568098
547983
957484
190083
200463
930916
209703
466157
192772
916008
476595
986423
480291
318365
511838
764489
499095
297975
300836
614459
154085
185088
644959
436137
980962
377660
422931
241700
471365
853283
571620
974365
329377
664170
607156
374035
291792
609513
161430
855145
784781
484152
256257
683412
598638
116184
371044
993497
358384
851181
902949
456317
686338
685916
687309
700170
843992
214754
626969
426212
550934
854130
968789
427582
772833
997416
497637
504493
546745
167277
405734
851272
292409
671651
535907
909376
444890
247635
616874
193862
183026
686320
611639
331788
203221
697687
723306
659708
310273
726393
566984
438133
236801
177490
297697
666943
493057
528230
890770
906868
622489
211105
633752
784172
876666
764505
410772
113158
182857
712546
290396
453875
411960
576149
763672
552752
447246
769265
703775
824674
626948
549178
759246
665137
508634
558604
617676
900692
442018
583989
130618
159041
996609
783638
759022
768054
944953
727245
212427
395858
665230
302040
393501
659658
403446
722621
899965
515312
193703
263456
103692
611621
446622
894832
107299
455127
125806
696742
645254
114909
691292
586228
117534
167571
207339
248809
902068
932513
255976
134538
482611
565716
332389
358242
902596
261506
649605
785080
159783
775516
546111
584592
191606
564707
116161
811019
562357
384268
253758
492619
848896
951735
930854
225349
675379
246886
474913
732578
656054
899686
824830
122316
336423
938352
768102
764361
862511
815608
442294
673305
771723
999942
973493
848662
801615
768576
291126
957347
729559
572031
143073
652934
763664
515793
562454
237725
869170
542796
128518
607460
478148
445197
975100
710914
638757
859142
295835
441972
437670
104342
560962
600669
332969
753330
736834
376039
958861
960518
320338
798160
309604
551928
260512
365806
833615
701780
436633
331347
739610
481420
367301
875554
162476
973135
879676
367886
848747
897690
938289
159874
511205
815875
105202
322967
117647
141101
567583
144345
523073
855414
208720
651105
748872
977139
312129
561938
609525
821183
527769
659199
821272
471242
450098
685957
895796
416743
269602
666972
808358
188671
288581
415692
244783
658105
278930
222815
873863
472143
951648
628136
732620
905795
852452
132598
209307
210158
699208
803312
430245
294418
674767
248095
434228
420412
627849
506338
604118
190276
842067
669626
404461
406476
640185
713102
345064
284540
479714
759090
314288
789092
553589
488241
762314
327536
345260
353994
948589
395949
914689
490493
160516
722247
137427
302037
350918
357502
846721
425896
448221
681206
241035
276015
839362
689477
154788
904999
668359
722247
860858
863167
853181
989942
707629
206718
797945
690459
332612
283179
330032
609442
932050
673312
354871
207833
174319
155104
455260
562025
186076
919447
119055
223449
185192
886283
468641
377345
224214
408619
754630
865749
326344
403113
627526
832876
121888
752038
927896
947731
561502
950274
897354
238727
175198
801208
732414
893827
473055
645755
674665
251737
887001
536903
159392
415059
644404
110624
448875
577119
388511
811836
616000
212140
816822
713154
424691
337786
282827
437430
852045
163415
526602
331367
189910
981284
309494
842492
709016
771237
144584
414169
487828
819623
606549
833331
285342
541994
280077
105205
147616
490196
761236
205255
672121
817067
629653
400868
719783
709199
500143
406768
662294
628488
853713
873796
800173
890359
404171
578646
883200
205092
649051
974230
316937
290049
906233
148978
203899
205424
133119
427225
239933
570557
293329
345023
832300
891118
131395
349240
303440
272998
859565
948645
556123
485828
456662
933464
984966
995408
207737
616944
556786
886920
854961
603684
802734
577169
475018
201093
316763
844541
779822
301599
335378
861638
302975
731514
722890
377751
255468
988886
860669
367662
449356
318809
376846
161483
308251
978840
812415
362077
597761
662813
400045
547085
553563
199284
966526
313703
664632
164589
461306
606806
342523
779213
312889
150939
386927
578935
120618
117811
229427
335029
613967
437998
682084
320333
606088
641914
381361
446979
157495
205670
435753
703006
447411
506753
707940
439182
162226
514119
296725
866512
194754
704004
935156
991372
755428
385808
781936
697384
324514
789648
474884
514965
882990
356948
220089
362493
131551
919236
641526
873780
437782
259982
839909
219686
194335
577751
114504
123986
638311
592742
567920
902499
348148
607897
356668
597207
538407
418135
888115
536506
840858
311995
231494
889710
204078
449707
291528
229048
550175
502697
455103
631471
432714
176332
906829
187179
946910
258648
567037
966132
736007
470662
327325
804458
264353
184138
761963
887399
423754
510636
844442
318206
784477
598439
506459
877535
896212
741931
529316
643219
496702
155766
960854
805056
504638
932732
516589
662469
136362
138910
223346
961116
213004
731250
782076
294647
997877
578534
338927
582674
493619
630214
718749
741138
880049
173122
206648
136890
661560
112894
894120
624465
634508
268934
304352
510671
903337
827480
425226
262862
866262
551525
572815
606867
267553
112673
197542
639822
112840
435947
331368
674903
284762
803250
360028
497308
155702
891386
575746
923235
855037
309012
880981
872875
714325
769185
966262
394412
330709
227141
576283
345255
402278
553988
961553
479894
121173
724515
274102
802112
233727
128307
991306
891336
289623
801027
679839
430520
680348
525265
873221
208685
532932
781490
892808
241236
273750
218979
824489
769248
197432
204713
394547
190276
251318
748237
737785
541225
823093
562827
597132
742435
650273
407457
266446
660921
381940
648870
419365
686508
950091
991469
183710
295463
500395
719149
324744
420973
521396
518932
242654
420577
232379
445625
235965
519979
130934
758411
600514
306661
180944
644487
934065
763088
506571
358038
558504
725490
385457
339994
892847
364198
647521
584365
145839
141667
411348
267707
682803
337727
522788
759720
113781
271428
695657
702247
234016
484185
939607
749256
909261
308196
425399
351583
286385
266289
209812
499069
744460
344455
358701
754274
671126
416461
232242
930038
999872
253384
398793
497637
381405
977735
623869
860773
940454
517224
790545
848778
137093
716716
123792
564240
567629
999855
778597
734868
484072
627212
408645
952507
746308
407396
440168
656213
299960
506472
639481
193045
900182
318764
290986
849243
918754
958494
999917
793107
456020
468870
441646
883205
217323
388175
369120
963403
221692
163900
631761
658713
545154
571671
397620
343417
815526
374162
542560
132895
618233
694619
600560
108673
294093
947093
192537
852071
848816
982826
217278
629712
796353
123968
189515
157879
724283
675950
843978
375605
531911
392105
470114
669877
482626
854673
107610
597685
814695
551867
498524
811471
663510
149085
911204
540967
535762
570013
963449
137105
773883
468649
710550
766116
188827
540585
801778
769932
177314
820313
500077
200000
602447
850050
813643
673410
392107
101394
942952
187278
460000
233674
827758
678636
192649
294107
669641
613791
312811
884443
858026
670265
718971
657972
429825
618594
639359
374681
818520
194797
729201
229722
776089
773031
609472
325138
670891
154814
780434
399170
320007
785906
129930
846634
917445
970177
514635
716043
571520
156139
769668
650721
281957
793507
677049
859163
143035
797341
989480
746181
174366
104661
776641
712091
885379
652660
424141
879512
334398
259605
997260
504919
112699
191209
484786
762627
219678
396546
973489
732270
857762
780789
269505
376851
779020
757232
528558
435519
149643
586518
744673
289557
229936
956820
345092
935100
433862
875585
925419
170486
368986
640232
798748
115234
516395
537174
610652
359716
790581
874626
771532
564351
479901
222169
445680
995311
513357
342791
510928
607992
268391
649620
641812
778047
243205
457051
465842
182460
721400
935370
103101
144531
973709
115577
724034
743720
271441
766189
102729
680734
808329
348503
554048
325062
955435
674220
632349
957038
393679
165489
462995
585475
874229
529622
100876
891861
657448
463604
687810
974827
196026
849409
138118
269871
681385
457382
731497
148273
532859
468793
902526
171619
708049
299902
398057
850203
167253
321628
271375
577688
980989
139985
304694
966871
453125
839403
303749
304453
287616
687244
710532
337395
670106
453922
173710
372842
176835
141885
790259
168241
458524
889543
205238
446199
361994
291901
516070
516226
846432
310912
622543
178674
790284
233280
827006
511758
879874
630226
675265
879001
697494
222703
375514
715410
662084
943663
153346
480707
750017
263375
622041
647037
831199
701744
576110
523481
582752
667887
995223
672138
958422
243903
277430
184654
579722
325710
962753
619198
601126
931426
670754
875590
413095
396831
998688
289809
816127
945674
392977
218121
755029
564513
122642
433960
869561
555555
339084
983366
524976
417052
552722
894575
556176
745868
114285
644851
442031
827211
606196
380198
770988
428525
879327
209613
173604
675901
845617
691490
403144
694228
198500
304483
809618
219601
999959
579653
401804
320514
445161
883253
563074
617290
302323
700238
202100
808219
978959
537468
174751
607087
977231
722639
996432
391066
400169
869988
686922
447449
525820
414572
163792
123999
129467
511847
135297
408308
537088
119880
381736
871857
304188
251424
458593
351555
707208
456896
533249
139337
494903
829099
168338
994192
872178
991494
378463
716072
632117
730583
640368
816959
494615
827112
232813
885503
617861
359501
751837
688684
898251
374205
441482
127309
150915
413764
731864
533903
534416
363766
777757
150232
362394
388998
798782
968338
377082
663753
507446
633626
867295
215055
594090
935806
242397
289703
577971
750413
305927
278646
173999
446227
760067
602473
637457
262310
465591
959221
529277
910129
664783
232641
456817
613031
909584
297475
307526
352162
643401
214158
729350
147454
876103
836470
509945
769546
436013
146334
414486
750034
800934
188968
971300
715577
236042
134726
803615
940902
493621
115676
547064
136002
253229
106980
532304
987341
226937
504411
285571
832073
949869
652912
450480
572696
278612
225570
408748
743817
821484
150047
117539
328974
879552
502797
798375
816078
154471
214855
798527
819968
297727
163267
810371
887588
471240
917538
453944
347301
904428
373012
874253
857649
776186
717271
170550
504178
196076
361560
470388
574149
360673
871092
118966
525866
796523
880574
511138
851565
702947
506241
554104
815967
988675
625027
901625
712910
645339
556235
859842
474999
314783
494202
588959
157975
332524
602050
440991
209588
530951
960941
496927
961326
424994
348869
323128
666894
566500
859901
490518
628839
723913
266975
390801
919395
208538
785699
995251
613191
934475
363864
509729
529236
309025
500865
216049
901730
741605
836619
160018
556895
383808
671136
777764
508347
261462
360151
700334
591441
436599
288804
687560
449852
546622
131463
962004
573863
933735
822727
212483
312064
647834
150480
441293
175531
283735
360485
157059
666881
587266
917020
671969
168607
278448
817805
985837
693245
138365
306721
776017
838868
950668
348523
525686
798209
166301
238863
979937
232997
823371
494693
647837
779249
672785
380937
850671
362840
433110
634937
594699
752239
586497
973459
998344
670297
989027
657253
842003
251599
972101
792628
345486
312469
921614
151555
296335
377358
902271
932829
699960
424182
869969
380384
826314
733472
370523
983443
397661
209754
497574
706559
829651
607547
433215
126547
192978
414541
295535
702826
115710
969274
571425
418593
221691
874550
308279
467201
822703
591330
386037
745823
249643
756485
509765
453435
456161
940279
879124
611654
742024
526470
197687
118219
442732
401897
155906
854516
585943
517619
800868
544040
978295
731555
340823
276040
766606
218242
785622
220250
131144
239798
963161
104618
187865
343148
770639
108725
679357
604058
272461
313756
107833
861628
133158
527563
135174
827965
357519
983035
819740
903968
237464
572293
791961
389225
680858
268666
969153
348980
253875
746030
731745
202629
877508
775174
502108
244310
323282
632194
438793
314390
406434
718382
950356
886439
869105
828302
496420
199201
612253
778531
869124
583772
327651
808263
731814
959210
658307
822188
248730
173675
510300
936601
408846
209485
928473
484921
651250
310700
823348
582068
616813
583851
691627
629138
928404
813390
679699
854655
295824
200729
750776
973477
307382
537915
773035
700197
564879
224991
884606
694304
503906
996580
387994
883057
393217
995683
905865
847307
127988
766309
350145
401804
746578
649665
792563
194597
678342
435728
133971
946759
328381
118591
178155
238523
254748
224853
152425
918215
476362
241824
379639
208078
652228
968543
169978
925227
607839
110553
285467
430125
423856
224790
291711
984545
601811
596369
238161
265830
168760
769111
796962
844954
621265
389376
367904
302574
224756
126411
593673
607620
842394
283942
353323
633722
144277
575766
963623
265191
887685
458794
937025
814316
484951
348259
757197
359723
111315
511217
286664
466547
630571
230764
924534
476917
140262
739418
662072
424552
758627
352753
354167
655226
410283
810759
140732
442567
624047
703992
250222
275342
852709
418013
189067
208764
568309
340518
238721
183269
387842
603601
468388
416893
576457
452086
957345
939034
183774
814117
309223
654335
684851
817865
135614
387472
340024
858415
746517
456371
981116
927553
176151
314642
974680
265124
639070
577126
782693
225789
660618
945590
528107
566001
164675
263128
377939
440891
362140
704189
534146
999694
711790
898431
176304
436383
113349
537005
262914
494670
389498
771834
487816
760887
359741
102646
297705
179967
930706
424904
588467
592852
864229
196775
764258
656628
670921
500477
780530
803953
574764
305417
949672
815285
938470
312539
933996
804633
216684
340503
246035
138829
562100
269009
437542
972283
904771
747177
864913
396653
935992
612599
500157
724683
909193
449401
849540
121128
466187
137436
485006
863783
225600
138643
713786
230878
684881
723561
502340
772318
325466
491688
231263
439403
103066
108071
121132
437443
624134
893142
485459
112743
552867
402213
481097
697727
269411
936112
183603
488857
451905
555327
381556
166965
215779
104343
963488
558362
778932
538257
940007
920632
476682
380363
610910
196117
328366
787903
166033
673684
989197
624020
969437
561437
748138
565422
391888
339562
857305
806089
411363
303258
123998
490766
324044
513859
899661
738836
367356
595903
290016
597437
103184
130686
602116
423597
669799
252666
278266
169377
550878
440614
630588
837380
644970
553893
759247
771886
465381
765206
116736
784919
253592
485477
384048
348486
298753
188039
170691
245313
457977
149039
444170
889049
344784
886207
825692
745336
578241
138897
866019
805490
406782
662625
646979
672855
773213
893850
258184
135268
979316
511413
428840
988116
368189
783271
933974
983693
229222
301142
875245
116816
203676
247766
640189
417144
130071
371822
142730
736008
201709
185119
119760
906936
748800
769552
603384
541578
674775
406615
969683
965069
408134
406527
917995
294991
902578
395972
430223
491686
708928
882184
197434
910904
269342
678228
221319
278563
900764
958323
828429
460669
618919
466657
264590
697488
157069
425050
715150
316027
674845
244303
421373
719938
396301
903069
868919
873887
838638
616746
194897
261313
901575
344892
924833
662729
813604
510363
539032
721492
602991
681378
725241
906556
645551
250171
472933
865471
307853
858073
489040
304730
199562
629460
887802
108284
709328
850119
367183
217374
450631
136391
789840
622887
380311
499592
204170
946651
628149
111232
520348
964786
270251
906937
608852
342680
730023
520935
898805
308224
768248
376782
395485
665752
791358
656346
524104
911310
198631
630715
233291
812387
263895
126216
457311
202546
919315
299536
661476
538676
905120
780055
548136
831261
230898
213951
457001
531777
542211
316568
684412
462477
229193
617458
678994
965148
935007
463132
794596
216256
702407
936956
895498
968902
598538
713026
814270
307266
735307
428119
529331
969792
611844
808459
484856
823564
870383
607444
158407
966054
897514
992388
949976
593973
858871
686708
708951
821741
909388
569887
569740
518970
612704
898484
234255
997176
861902
403174
101949
710729
526316
625099
106567
866389
465380
807121
676856
359175
460511
215884
783215
537288
990397
284978
312535
449974
112513
900838
559668
927932
150527
190534
411023
139917
791387
205875
798979
579343
744347
255684
199933
289021
501491
678597
230204
678889
407356
530466
258094
600169
293663
194835
308168
742466
402890
517306
979234
594763
616831
993413
324549
953221
615398
173727
682976
544337
120838
494506
909450
958257
969201
313718
565468
688445
176070
519696
698151
242984
975346
121381
766490
631541
911208
137567
218132
578238
176913
477445
787534
833675
592429
337044
436762
987848
400018
500136
813891
657023
414968
342953
792587
948279
964110
390814
132713
354540
506216
294422
708150
758586
262460
890692
523021
681148
989425
574363
287405
437147
281589
265508
862797
326396
989347
304963
514156
582018
461549
111942
626894
251216
231905
623018
706119
908372
937689
534416
268426
603305
565781
937274
110769
103308
774248
872547
708639
331610
123110
707271
761642
404116
457059
183509
620102
227959
268140
707834
887619
499276
530883
220613
718771
845496
976893
273350
427388
613485
161628
763136
109726
739266
709341
646739
412361
792123
290317
960990
838719
316936
520711
529778
239009
772632
428166
641906
940221
524181
235700
765265
799555
422959
172251
756376
612729
397651
866788
355029
448872
229380
398569
633465
485767
498895
234152
679229
183922
443977
837263
486792
217854
858968
907988
661000
668259
489297
754884
775521
263393
949081
327350
458833
888889
990276
704066
463425
689411
571350
692854
867295
559125
188805
521851
168926
202170
560170
514990
691642
698268
929741
316580
528758
186229
677270
778984
822081
200713
984313
880852
794128
216320
372028
887530
461938
567458
214960
731137
672746
566576
821665
889893
440016
171680
883470
633887
816918
619579
572056
419307
397187
928344
743298
386916
554137
155115
980658
239889
953246
880360
401546
435857
883416
716379
725999
668052
241428
997794
966647
157167
747081
132448
667840
552929
411114
991853
255209
703761
271857
664513
601054
408807
523882
183706
188491
655587
180886
777235
881227
611379
406972
925531
300381
107853
498704
613478
761964
652769
388129
602540
154186
143204
588380
321587
458334
427836
130644
947838
501961
604029
507938
786053
883519
355706
272734
720658
479872
509729
570846
553372
728643
307951
883099
116768
771203
419065
165588
526732
411562
709861
646009
274756
237789
793790
112504
961577
281931
307267
767050
486403
741592
841039
190354
889792
418517
789105
820803
929630
594476
180524
907770
641062
551655
119551
430347
307848
698824
610918
525916
873934
424913
462562
734996
501531
429516
371663
485484
709721
828846
628727
410794
510395
232723
314943
273163
418855
271660
727031
983512
803521
653622
551841
180268
712067
634764
885111
544293
927854
733932
521993
321318
105754
476323
972438
367315
565078
484114
137943
482502
878800
952495
326045
257990
402038
908317
259033
409897
708356
415070
957575
934711
996450
510240
125975
504681
885679
315012
936315
112067
234852
939934
333934
444123
685085
735726
411667
416927
939739
601175
338957
255793
227893
558729
482443
853425
607220
594840
354591
700908
952561
148197
387756
202626
270854
126995
212606
307504
561982
629315
434666
652589
582655
456086
716879
948113
628846
268081
338920
892432
367046
331171
574043
928818
860696
279152
160248
360819
920282
480445
498929
603187
158630
409245
717064
203523
798788
555351
908507
493374
443718
116149
643048
928473
897073
493507
721713
642842
896785
859187
192834
201318
290608
906659
963498
519289
753729
398550
107457
143752
608542
569252
855678
299492
664582
582291
241662
716244
920039
826929
473912
113679
876753
207885
855887
510948
751999
202350
279716
766242
719547
945158
921758
299468
287404
999490
297418
994332
268503
399245
373271
768055
488428
562821
218160
165907
610065
262143
872293
390523
532830
742167
189788
713059
520956
801255
567838
901218
878542
384877
976845
593213
398769
374755
608670
911702
678457
116996
599161
811278
513991
983318
182373
826500
272107
735473
544276
306909
336933
977585
460269
964818
327274
911922
189728
422614
855734
102096
918496
654309
809906
944241
508905
212015
668968
623428
710165
889194
622963
613094
135491
842664
103379
352955
857198
450696
760026
486872
161423
305032
447032
371456
731029
528327
761770
465223
433403
648912
932640
628844
915062
355223
163093
540896
619609
592207
373552
156667
129167
507834
927385
554415
731592
710559
227345
631145
121615
401240
128411
371413
633954
841576
491308
710204
135424
477139
769815
783121
224633
945890
245511
868463
361638
663748
749251
420185
762298
527136
267461
623693
965600
198223
654903
943467
598582
710015
370493
548417
147609
987244
210118
626264
280451
649567
620480
347045
495908
954879
615428
586408
896281
925312
920525
664033
330194
970451
651480
160519
174577
269000
499450
474850
602587
422975
966552
439539
243292
778822
607030
333592
587473
969216
948091
158871
426333
906189
989684
592512
877738
128220
123629
761962
131639
349736
409202
766590
362155
549905
505803
974196
462604
301900
669244
508001
539206
447466
908919
939496
584642
574203
442121
580849
627540
234923
954480
280371
105780
729790
974538
918721
819188
635591
938299
895164
621924
899409
796240
298576
110621
109898
125025
485829
532853
877076
347954
314462
292510
104181
868986
485702
723968
163942
620810
217677
213173
636082
464356
952397
414705
601190
397358
213896
481747
285703
704656
974742
696046
992279
789396
713977
864433
187537
387010
149034
150354
882036
594335
769468
586459
456081
869626
706167
895164
411629
240057
303995
417838
977581
339093
798755
991460
474418
229648
593230
192901
513390
704398
157017
402845
403524
526634
557322
118414
475954
264074
791785
933803
516892
365740
855332
780471
841197
516509
732975
334524
445127
250619
499357
756192
456600
845110
285296
333158
617049
740003
837492
857465
395119
343811
954963
415701
417502
699018
372262
714681
999767
756930
998008
529999
854042
898766
719373
107964
143293
635200
929612
840213
584115
919240
671979
252020
623096
271330
679912
665385
993513
252185
775633
716616
337729
289984
193539
837190
957223
609668
357123
297457
842950
352683
619101
803109
895670
807544
136031
969611
794858
810382
305294
205236
825734
238280
462646
947330
465202
753044
680528
573391
841271
597146
190825
461820
725717
170309
393820
724074
305351
620956
739112
578756
572998
519682
298483
733568
240349
330115
235051
426257
459989
949289
797541
256449
366062
633361
357795
882622
412015
119402
644366
210618
345712
429866
341914
650810
826137
833810
488631
217441
779276
289868
568733
452542
506625
788192
906405
710278
580849
503434
371591
797077
763380
567530
675112
723036
747289
360792
534486
878434
320764
155343
135342
561107
906918
416760
573843
800215
668843
638165
500979
730522
868536
983032
115320
390558
338017
185533
369438
149144
958988
444270
318931
672759
483216
754142
971096
894936
725698
830667
496022
401167
403244
164851
511640
747281
481605
941843
114005
537607
120130
383543
951821
147768
830439
649769
848820
383278
783314
971584
925797
438324
796951
518042
525118
255566
117597
555017
872124
291141
241280
107292
668096
836101
703300
148361
484822
855251
931751
871124
789607
803774
518973
597869
957228
109015
867652
438850
387582
129911
640719
657991
254216
310022
678244
413744
886854
410760
159618
367423
196887
756158
443858
486636
199452
892070
948146
165450
679649
724699
457873
248889
731815
828760
176468
983588
455681
929468
997103
646507
357492
467092
794969
310241
738566
201136
869882
984855
603708
282895
415838
202462
626751
608090
638260
440846
534639
583712
814456
645380
294093
576925
775287
948065
382213
439354
740836
709886
228691
561538
389771
405610
759607
988160
989842
508773
268747
546855
618973
122622
357820
527607
424172
730869
622074
201165
871278
317574
469165
300470
259167
450215
504683
822156
140139
583219
565795
583384
559470
267580
644652
793968
583870
491936
187487
946906
718953
285532
650693
409424
946582
391319
204941
657951
873508
232641
770654
467059
497563
170649
218703
279403
297251
614608
740844
439017
150482
995666
318446
320341
921245
924249
517696
174098
354974
913730
786668
629932
802238
812332
112189
724818
113839
825901
694447
568834
763109
787631
675130
944615
664182
483559
885344
314555
119118
616362
286485
502805
475473
452029
656015
867857
464986
267455
793979
753833
558549
850618
892872
996564
920608
679275
689886
896672
324241
569450
485244
211074
463327
222083
182097
944042
996898
557676
116321
626526
857890
509678
437101
782142
247514
314417
562460
689929
527208
972759
141106
189865
698588
219462
398046
286227
156806
768547
344963
903176
522387
364242
957189
538466
861411
282926
542540
842578
615685
570115
851524
763843
672850
845569
147812
324571
378183
691205
895244
677307
125329
166612
559862
505150
371788
590489
543040
263252
685051
392609
637353
315124
997147
623538
154956
331959
959960
655447
678379
604995
471282
710225
964188
712141
738228
881013
304319
653071
805163
395954
846310
893229
186589
861755
691387
218780
441946
271177
262337
954240
286982
183753
803115
948318
357389
839665
472379
197106
903770
217451
573760
813054
603360
734095
505445
701866
552765
240602
816854
833286
457191
316233
507058
744984
295901
834069
674060
339198
151452
427178
569964
484739
570389
988961
337581
296493
393777
277271
112412
632226
696578
224832
830287
637433
266570
978301
993926
826550
561910
527357
957955
857254
920454
633091
786471
617474
644283
151977
183405
619934
378997
772953
861986
342942
987377
966456
622643
667106
566154
996202
735245
494831
353636
242427
947614
965579
655633
609239
820850
404098
594464
224102
157015
219249
972491
854857
729844
701899
275263
317058
317285
347317
902090
846886
472021
553461
461736
584171
555647
859487
931497
181984
739765
551199
979006
393503
494077
986938
195041
486310
788391
724917
354847
286472
224962
398530
386367
687063
672318
850871
234052
565629
960406
707562
611113
275020
352804
561459
553978
453834
554233
124684
595963
231835
800850
205658
650680
188540
164539
677578
971592
647338
754062
104339
438732
206363
740690
195993
942706
227976
297235
838375
558895
195467
469056
314653
258135
964741
856545
306604
504849
102545
437840
575194
784976
172620
121872
273369
869136
106924
613154
911338
569786
308558
618579
848304
646703
659158
206155
348235
415256
805093
978801
449168
417412
891241
917007
928201
756155
308194
619044
268109
983917
197170
804610
857946
697004
378905
597940
445979
539759
875921
900700
530945
365778
514156
499384
608137
468853
723011
247198
693905
902859
575321
710270
354583
198300
246618
444183
937667
542936
628009
859739
846100
422293
719450
293737
921962
452591
776317
526209
115963
643015
873624
730287
694478
546102
136769
259252
676485
187673
645887
638856
575758
529556
737346
521898
662876
319106
293383
765870
795682
842783
793687
836803
465501
932824
933152
786649
961792
513822
967720
998329
545115
530339
714477
775719
172017
480379
234896
960213
151258
215025
947190
447533
422030
483327
304289
177890
275153
593720
677279
935643
404035
648897
768884
927679
648160
670426
148981
331820
567578
335535
207574
694184
536335
206997
199299
960458
279700
749820
362556
381077
501797
800991
392088
743910
685661
629478
298368
315440
529653
857240
946198
240785
916509
685675
705507
234565
645763
264813
467959
195680
592263
754644
989994
601541
542456
567993
183794
805335
807935
160826
295595
890200
335278
866738
460068
351294
663373
446279
677454
527665
420294
718226
493127
108243
413371
631858
829710
347165
311752
834678
696088
631713
701452
857050
575605
641906
989481
332291
138571
180417
200207
612259
793323
476181
484987
610847
477080
154646
500840
296335
410633
540595
855594
319392
495757
806151
783037
366980
726880
960770
182612
660562
656434
548987
350225
348126
142071
630556
337712
793351
599239
758743
193671
104201
807208
115162
780501
108073
154919
627162
678085
983850
301618
772578
816261
673969
938453
604678
707725
287958
299127
423742
422510
498162
783977
771921
503333
801615
842639
797487
904435
158121
127252
685177
300918
103031
765316
385518
587521
936459
388107
644197
657039
876563
370291
214303
672049
611204
260873
190926
422604
489030
859257
212008
170522
905931
941998
238960
217686
834387
933416
901175
974034
839100
947527
467944
340378
470553
343062
653142
215046
436623
618517
802566
757820
698922
254846
310493
607116
214020
627197
731964
254316
443946
186051
477010
908479
521597
136399
115277
200093
466231
231206
925032
751472
909822
197122
586476
422179
380496
494020
127975
925067
854376
272011
424431
188187
533626
854210
144660
856204
853599
763263
236188
853913
917980
627891
776823
264516
487591
818917
568401
780594
923549
218013
684525
434486
233874
733226
973300
874760
166806
182646
724882
393987
473004
229139
441688
339412
114771
240414
325562
613422
228657
705142
870197
613527
403304
326541
431694
104090
929106
809121
951478
207319
326967
959301
366489
938211
376387
185502
511435
729274
175385
738096
883700
921795
265342
148694
557465
257226
933153
678434
131123
637111
384134
560087
529960
301150
209092
347218
521073
854021
781478
880417
355817
907120
832188
905709
212698
486694
920509
329970
614399
581819
594180
448536
652914
967333
843227
109543
872250
905451
381235
103414
733536
979610
346422
427711
109065
886209
977594
583545
997836
813440
385575
178190
600733
823718
159205
504094
179767
142627
270792
606170
193563
924797
856132
193707
728899
981054
962961
546497
829510
631595
502496
789482
943563
622069
832901
588179
332665
140650
154816
592320
646478
142980
512375
484673
635569
958685
870246
793778
201592
716996
474290
674182
341398
873427
918114
485974
479340
727247
505997
719351
606588
784185
760171
385898
286538
236322
779340
351304
505932
533722
903855
317968
427393
334969
527959
764842
314639
784088
950019
108221
562120
692807
989128
531659
917245
493432
693447
781014
730211
714813
559916
554380
490698
598782
464253
963179
437229
195508
592042
852530
892398
814137
438505
710210
462875
559920
913944
589862
930363
214614
336296
284156
908741
588387
730824
890360
819230
462758
238174
142978
575772
182306
836312
600623
304899
135616
633777
802793
989738
647003
404169
235225
403624
285165
138025
295741
304570
503403
877893
138155
418535
430337
257531
422067
950806
621303
226551
430971
264110
478643
629657
564473
315430
899812
122644
730573
984889
855863
369727
177560
689064
548680
728481
238560
310786
905967
356707
889166
536234
743545
991907
760544
748284
652640
957170
665806
950203
221930
405503
608395
538342
754002
604619
344427
242999
249539
981718
108788
607187
864828
985479
922434
960560
302208
171899
356202
418482
195835
251947
233651
614907
708015
833147
708939
749432
703060
690454
792640
490918
892892
426078
115041
352868
615869
451100
775798
187606
767299
833468
217169
120968
638220
756824
807569
560451
319378
101564
132592
776828
396825
864374
239862
827208
334558
986753
620287
542403
756066
146741
759427
853434
765957
865295
127378
638831
930772
182802
448673
854418
327823
287570
734813
597834
429876
663631
403751
717014
572285
108366
533807
167084
983792
276890
269548
881804
586256
533900
828043
104582
817343
409186
527533
436517
353082
358391
832650
747907
457229
576920
688859
197069
243170
497121
343325
976195
183180
861565
513685
950955
347126
957502
792232
501228
571867
574647
349200
582847
290336
950517
649490
736162
262488
176088
148418
392868
447961
793583
329643
233131
889010
140701
158127
455161
940254
388742
579444
391284
230280
540757
617544
553306
456709
899219
286237
706182
440151
249289
147571
315854
396744
193233
578270
549541
546006
283845
569045
135850
246523
294222
195450
395592
785257
378278
591292
981640
194927
552580
186993
238716
459555
492279
158978
935666
228804
436538
336440
857088
974629
102267
745445
853599
823219
150058
118711
146087
885471
968339
823304
960059
250206
414241
389825
737317
735448
937573
400768
145192
168786
552269
972915
748260
598583
341774
394436
598062
813603
840085
562191
228791
871837
531214
925120
419611
103358
782846
353475
955772
813257
926142
663107
985068
680643
824712
965449
462333
885948
975258
587458
210296
514290
270787
826858
535885
835164
723539
760352
288564
371753
299299
458611
324744
671377
217233
130678
846709
571892
922258
838534
186528
596124
812431
668883
195045
146334
726579
446481
906561
828264
809790
823449
609674
795765
123161
699631
974344
370498
697017
465548
770361
953660
555164
978381
873471
703988
293178
766970
130155
975593
839131
483954
764950
615471
624568
161342
851587
479913
327631
760187
446399
241256
519894
145852
950966
478946
517869
430273
913170
270379
817648
387518
836769
304133
944675
358645
894451
958011
883282
103775
742052
585748
194456
934498
158648
369310
723482
203122
569002
343887
372903
352044
650926
766220
557491
851493
298702
980352
572571
197397
729723
489939
272123
498122
727787
231321
310774
777051
209868
288353
824449
206623
658276
809494
272881
174787
805108
527181
453720
681141
395116
938841
972353
526014
686710
152004
241114
781903
955931
540293
656657
149191
872647
293334
986683
692608
767976
796089
443888
407050
892325
553282
468890
919709
611434
408721
515313
241825
856728
683313
515869
636462
585900
368836
360064
128995
221095
271707
155116
717603
509482
760498
628275
748165
770746
213307
638979
185138
679677
764496
636620
842194
953805
665176
395697
691730
880671
252676
797757
519880
201388
639555
691583
797038
461290
962966
918353
166394
832626
615842
163223
263814
827125
115045
468164
476714
365925
472645
156873
139301
576516
911828
960684
505656
257140
111743
253136
189452
730477
902563
706855
570387
556522
768290
208284
511219
975727
585524
988899
786690
957423
392649
112954
538388
654325
338595
193050
390579
394020
461808
889509
896129
708604
896000
999153
527643
870705
650963
564698
491783
134333
433679
432116
433437
833512
674200
605377
239657
955581
874960
372829
929741
588266
706617
988540
829204
230966
735859
795309
703762
954390
426760
473367
623928
898392
680287
806134
826963
399681
249935
144806
749355
801619
585405
871756
327700
861323
132969
458558
958482
765276
968137
709707
295057
567106
695172
950514
357488
987799
868154
730348
353271
386725
647373
415537
669322
962540
823879
839342
914385
656759
211296
758052
749122
638441
362647
366064
866835
496106
686108
318621
175709
817251
334798
382521
377581
147834
819767
803879
692636
134642
128980
503366
698677
168365
974794
903744
568925
252016
507880
148058
525800
215357
134505
149555
294644
594090
413378
790135
856308
289617
687899
641589
758531
870572
631745
765667
837204
624807
722239
949986
726872
147944
663644
868497
832496
904184
582571
561965
918386
236565
397816
842855
754630
648798
911963
701356
606354
161757
713235
782149
449309
879735
687906
320946
818582
296399
139743
346162
103582
485354
178199
964386
976857
604227
404166
237006
871001
228054
344016
969582
205555
723379
115126
629235
659808
706238
462778
263246
177295
510025
360795
250267
298477
781908
628266
284788
873802
933019
946866
495697
676020
859549
416771
152564
589401
328391
721191
446551
769664
309817
160918
980074
166822
953366
825437
263621
107147
740660
397808
261075
346254
688429
615158
869907
342232
625219
220270
910619
468152
142041
127880
491695
340441
815058
418197
133609
594927
973618
805263
666039
124761
101660
298350
712406
730695
598845
245113
857974
904129
701330
794593
972171
366340
562227
237129
200309
430014
317104
731243
817206
880987
717633
373421
398078
273536
695220
576414
995070
323497
817334
123602
920134
227947
691985
154496
283364
964044
519942
756507
822530
759169
269943
875735
151815
705952
349005
765417
342756
927862
338858
544152
704434
804231
791193
358352
460700
552846
679214
449951
118249
674603
978826
582856
312775
606368
317914
681007
960380
417778
378694
903698
273489
664449
550976
916251
625963
416318
219097
232593
606221
441791
733840
138796
493752
119605
898817
708969
150654
933091
720008
132558
854853
636751
803110
114791
420888
471024
693322
810313
337656
999733
973247
669539
738134
119776
151006
766007
972571
948850
190317
434116
322819
431322
617206
393522
429999
901878
804436
374562
626919
755617
724052
616078
321087
579083
160214
762849
920905
315167
882986
983308
255414
846058
187867
110910
581617
539221
205297
615762
495990
177697
312983
563605
272371
827864
570457
120729
682948
851903
271152
904383
384312
969534
531796
640132
677559
978928
607896
216804
374780
278093
980053
615579
624606
801079
851905
171311
566108
733091
817449
328162
387688
306358
518638
710691
727914
643877
623140
822929
968059
527042
187660
817294
549452
116681
175930
183606
166529
451745
528106
959886
307381
345919
485043
833560
297017
593967
880672
961441
624460
204137
321925
111254
693906
675686
799593
157197
608179
593315
873400
558229
188312
185065
283795
364406
450929
124012
767306
808013
693851
507528
892807
221121
880569
359623
345278
845056
458482
594507
281765
732650
243464
243220
344729
207365
315390
825425
262612
433320
237544
310102
603245
129851
402615
401130
604212
630299
969908
447332
372333
973497
875692
117865
146008
957650
823499
837595
260547
152769
761381
218146
211495
658775
426960
768334
249159
849682
510948
912660
479445
681908
480866
631807
276706
347225
328714
835489
978316
999496
780385
609833
490141
890029
393881
963452
901432
940249
443138
891579
153446
821324
855017
808221
376427
381643
130090
828569
805926
701045
954361
480421
815969
100019
963118
615744
419817
376492
799797
265202
240723
262458
106069
867476
124744
309985
864355
916613
957863
204746
835985
379335
288441
860304
178636
256851
504513
242443
828358
598578
303115
437593
274633
744079
113057
101273
165648
205080
707397
698761
816121
169114
425961
560501
844835
677929
598481
340145
471692
465973
740302
281480
409682
198606
314492
161307
202486
710533
859862
666613
562335
993019
651524
415597
930526
886787
646957
120978
965403
966804
733489
374818
706208
672625
647216
123439
647545
948519
345457
303784
808085
439587
600361
945449
142839
951363
223545
579107
803635
426880
980259
590422
816212
658217
670544
275776
919518
175505
648424
677126
868800
989733
317733
402783
840587
145561
909078
106747
287396
428175
293737
258582
896232
120917
840923
953957
927305
125216
162323
873981
644347
521201
729529
272253
578750
846290
227230
579065
276675
794013
370744
836275
499712
721167
904200
846049
115221
139854
329128
188545
767158
813668
600291
695264
192282
351986
613526
318444
608081
640176
837782
779804
922195
530952
254060
276717
410122
428125
535972
889239
685126
567688
797074
534370
870431
335342
588492
560345
580668
827753
203332
732222
492064
120316
300094
241721
440830
674739
850779
950012
100968
876562
752876
520099
408061
949896
229135
621555
500986
625465
724113
338506
416293
285120
863978
545568
180964
750259
346999
804969
111407
887656
869963
847382
811688
819530
134784
425590
616783
762788
238616
311096
987532
874127
145895
608768
354109
933257
657920
973526
561946
842528
384177
389375
940871
625141
619070
703909
648707
709966
810358
637983
765125
342850
247494
667663
344071
261411
605566
202352
105878
229866
559326
817692
854001
377209
594619
837615
602812
441118
180820
727515
383584
207421
926408
451689
141382
804234
655728
522707
192328
278900
830807
696698
688760
340500
384908
193814
101860
801162
126612
756229
406186
672973
668943
183556
381042
938759
288706
934173
280194
794839
199864
329838
109294
455529
505551
221883
959211
903408
398687
223078
929692
829968
200951
485750
907135
166344
396841
831392
639014
719667
183013
196851
332283
544556
781602
772506
885478
873863
272592
479595
972678
369840
374464
746183
666299
590486
741891
136748
779560
478493
251381
272023
154300
227405
277972
502112
935010
207892
337842
858637
836677
614390
938768
548228
551869
413917
955423
743771
421646
371461
326569
575733
581502
354802
910186
732950
633341
237233
345707
172713
351533
598927
512164
505055
375103
743519
615600
516018
388497
222723
984184
310133
201698
469468
526690
425271
388603
479897
686226
162629
665857
699774
547007
170887
683994
650454
259262
418769
371627
985465
307844
671310
974161
437914
483842
197630
435441
247781
151490
607876
495498
914757
376723
786930
309707
113224
824169
787764
498544
989864
567854
750850
273999
117465
869741
314674
786350
208250
951992
537464
720590
163044
983706
154891
197273
372252
111063
625731
703490
459186
928825
556180
759872
106668
334332
747172
200783
186743
202988
308851
596098
957497
322613
483141
800015
588221
421742
322774
419653
241444
130841
958391
457223
719329
912797
330320
155995
503191
616502
449872
457120
542573
858296
460557
379677
164672
946847
560560
292420
543031
550553
416007
776323
864469
842786
449930
783176
691330
339729
908834
878987
450738
130926
293757
521579
854025
728383
185269
106783
375317
375045
133874
314767
488937
227342
390835
294016
372356
814189
354630
575291
768173
221895
749288
467481
431833
659850
835786
135987
293152
345528
965939
715016
142398
290805
174605
705109
436396
704913
979291
347276
340416
893264
702495
952431
420433
979284
856674
592733
167339
372378
700565
301634
985880
971164
455265
408285
238446
783743
980001
817468
930088
814361
250922
575168
183513
436626
651355
986653
544932
100343
288993
845281
196228
417269
540621
969148
745849
544350
350416
958949
902254
413579
186569
778092
253411
454340
123372
143483
172735
650415
930888
491259
979047
559933
436794
252096
825345
307274
589490
125144
662694
306107
197692
246222
420619
152399
934252
932066
938848
176418
869319
868329
990019
570039
445958
661017
910372
462496
127948
958297
913900
322471
465596
691612
374080
619263
772053
734662
912767
486904
344095
405274
471257
456818
134964
294323
229743
235106
833681
202784
728510
882846
786026
306841
209362
122305
154532
704806
245862
174991
863278
851521
842065
960485
771398
804450
200257
754179
177360
402405
490564
813251
389534
956219
985094
247947
300478
804060
761745
962449
644289
944221
593246
888560
689204
757625
161254
331912
900604
271802
795740
848482
895856
210279
545683
908465
852694
844680
638750
578618
743356
163651
352624
836518
218348
810075
730638
357565
197577
960595
635278
670212
955737
203862
285050
515519
346669
505400
419996
600353
127998
618686
430542
802191
850725
557223
983688
268475
568777
110833
692887
510682
431799
349429
838814
258401
482857
567712
329953
808285
607968
568455
795990
701804
664120
658911
615203
174470
162477
274574
218267
463784
294830
693275
948648
180138
146695
395182
337198
470907
950152
786970
995499
306312
712621
342585
833966
952967
163669
894617
986732
915204
164351
290810
145587
670187
916971
447391
290852
808003
889583
497476
419804
290945
519676
631498
326281
673913
738734
906482
625645
197568
831912
492568
964903
935819
153634
658118
492881
272164
964062
382449
600338
663829
133229
794235
292500
915525
352724
365322
216145
491313
640407
996005
773870
350706
258532
324146
381481
448195
290822
268668
555148
877795
446440
772888
776075
399190
658574
288448
748003
630750
477880
573056
975175
588010
522246
768554
572998
264127
128105
337907
325656
183025
541959
903985
676380
862234
208523
794014
116978
744704
603801
860094
895851
855542
275100
685743
524399
452305
223518
944742
996083
885242
154610
579836
727922
430584
689741
320516
545464
507896
640745
313412
388933
683055
896615
281669
917194
758024
715729
836500
696968
862769
883799
742784
945315
248497
219842
886004
825933
848655
712247
140855
420341
451147
705534
674696
160677
488618
934584
922688
809716
626283
971288
377078
913545
526059
524013
105198
279995
858212
212761
606552
578013
533100
741936
987419
839841
902914
614230
609036
708582
438801
111362
862935
549643
116656
468450
966730
227296
789779
181047
648139
585750
332363
645819
199619
485659
469867
981069
583023
386745
133210
969968
923727
934579
408138
791489
586730
575526
190208
267923
896018
410893
987961
632659
124763
162834
106285
472068
172311
825655
275714
897035
268849
947583
816652
922325
748816
913362
209999
203332
408583
717893
322996
830474
553573
202540
991174
536318
581092
252244
727007
174437
531224
129780
375405
692637
416313
772751
603450
198524
435523
637126
585173
602992
746531
436877
601136
619976
155761
668618
741109
414677
767268
394390
611102
221338
595131
418753
725231
971038
627767
210078
624205
681942
908012
256878
728150
479345
451868
409051
754450
209485
491622
822615
623322
759311
366223
800985
790900
506912
437703
751582
124029
359640
809656
173530
171603
118755
877439
980734
314723
747175
875794
594491
356625
699208
172071
287485
728957
591790
490064
366886
826261
762705
759505
483405
618171
539685
444212
280977
550533
776544
569924
791966
801739
570470
545255
729376
648466
215335
114014
308947
256722
712105
851017
590671
667814
730844
210659
608262
432443
892924
787653
911213
895877
770966
397208
120043
206967
794078
126694
511627
885164
888186
732179
851642
891378
854054
874288
828549
958379
127808
602190
924190
598411
899475
256135
754511
952688
555031
790393
100992
640018
473485
845849
965261
841542
816210
330889
610053
808166
219963
197423
639798
104855
746863
536943
686665
477659
681328
236871
100339
275198
840128
788259
485071
465507
715962
311961
305609
457537
994332
904794
209921
243674
610919
306185
379554
116864
927840
267353
615384
546122
195370
315455
271284
392078
660083
805963
264120
820858
231318
918021
326450
636522
110732
717574
297561
791321
337738
417908
646280
628682
695236
902243
499938
738504
137119
881366
261149
850798
405640
825015
217925
258580
426675
922297
874218
176957
886518
227832
697193
838455
134878
793541
870902
799167
323934
289856
451011
643461
969002
228919
545432
480482
608330
698207
703726
912072
731673
613541
802988
322891
708063
986308
989039
138122
261771
388614
413949
466031
590660
391979
222114
407768
936175
843818
915081
257739
529871
470112
299726
404688
731495
192868
288651
758356
323259
374741
812393
271274
885623
408153
310880
482976
149740
116071
923656
506077
763769
227965
138029
678068
372176
938692
203152
108673
611686
442982
132775
536150
224109
713072
924822
941724
172818
400450
169112
507923
710600
259979
971664
485700
926815
474671
872583
602483
220259
645701
634039
499547
832708
559349
191168
660881
149836
242045
202234
616650
460484
833439
672711
909306
881072
895148
775661
244935
864383
299640
660230
684310
928927
448178
192725
895918
615967
735172
700826
687004
587572
788799
522225
410920
815933
739391
934039
125606
393500
102855
221693
367792
269795
176998
408427
898999
932058
128120
454920
983104
913399
496550
918210
561317
496639
999897
703059
925228
817284
772390
753253
289983
463057
505393
689690
929877
283065
481429
872684
887210
345105
597824
647624
677809
531259
651324
588358
424034
741134
235551
582603
249343
460616
541303
399803
272793
419862
649858
147227
563082
963889
185301
581784
808984
176862
116410
293994
741942
492568
839341
225308
413020
116608
489971
485996
548193
301475
263983
829950
567102
704233
995226
942408
133491
506391
628618
317792
596301
751121
264759
623345
939841
236153
320661
422731
259412
325025
233289
704503
195369
884616
702926
791866
343155
509158
935976
495998
456186
417395
758959
609725
357836
568461
541643
178681
132044
895442
806364
241000
843589
834161
807276
184377
459306
663152
590576
884407
794374
457932
133360
214010
169753
548596
640746
366647
203785
356563
292037
637785
360131
109372
341583
960325
191975
452722
297532
228054
295124
528005
169733
571036
278722
452908
972438
388379
761303
169916
406362
683571
660289
405221
278849
371484
868232
937417
184444
115255
947848
344224
137480
136482
796781
258416
376179
894282
273902
748754
635067
398970
152440
247824
553068
634652
705842
664989
349310
609332
908501
576628
529402
979037
493768
796118
577796
676516
536303
184836
752909
114857
402605
976986
114122
827138
946078
935573
759751
912382
656204
624103
539310
220005
344702
845863
836534
947494
217796
170068
131086
689903
162137
595905
369904
625174
722100
339650
258711
957516
505772
689586
640099
603776
784321
196679
489950
908409
402636
118479
706716
977348
783445
164045
889367
919825
168351
118518
174427
305562
741804
343572
401921
869996
484020
132373
796983
881543
846654
783290
854103
650497
537627
688586
907315
356672
369309
726147
282786
765769
488971
630907
759234
296181
112135
595321
287843
302803
646315
782708
788647
509060
277342
630523
743423
570040
759609
557507
477791
987243
575781
186150
384922
369120
725545
592810
596275
505804
303711
642278
807068
848877
998178
193212
343890
719431
827286
444018
328348
764945
916537
265887
845126
461998
314577
732888
507248
688843
794127
478395
369626
113073
670112
790116
898506
982953
708881
432152
666777
641439
113561
462989
669738
478906
488117
988943
586146
260709
906710
799806
802434
870859
972050
109016
200964
662730
194050
626950
711756
289246
565606
323233
943088
542000
395500
775252
476897
148920
141356
431262
226666
901815
744231
855143
408392
533950
972437
253740
420064
573254
842749
804867
328544
733891
119987
333519
614592
396461
749861
328103
888420
158390
286365
425637
905414
268870
736495
606460
805067
774225
177213
777706
727616
661506
811184
311195
588883
256558
911775
154385
395326
584521
413980
731264
367693
818332
458262
981198
250560
466762
943607
970149
569796
760549
539393
483152
388689
122507
764408
870296
351825
807429
704685
290400
658779
422478
248100
397664
127311
454589
321620
932621
308309
434605
495643
784780
406188
884382
752891
823212
384082
763225
415753
116586
805592
783418
419177
924054
715648
740933
986996
792979
538285
742038
768284
739857
516351
962157
706228
121447
495728
833408
838129
749356
206438
925475
383230
885031
293270
153475
518740
474896
863175
316631
315923
456893
457385
804520
330728
900844
856752
564226
725514
483554
728160
878098
513025
337840
665838
135575
294329
924087
386314
172395
213849
191019
501653
661991
847968
686549
336604
849731
642930
630428
356073
302476
760278
339863
279240
917875
286075
756341
824848
508378
805120
403799
576995
157327
141820
783081
804212
204898
472620
415967
664994
583348
393067
787430
323704
491064
107033
528546
588732
113181
895971
672224
778837
492730
701181
209838
219486
187125
492751
213323
290534
410668
420313
668637
592365
950775
663141
696225
795213
344290
620657
692460
149270
369583
564224
218426
812318
583295
961249
615345
650042
763682
489929
467050
625903
485513
254966
551035
444050
652005
566056
732821
962404
926028
153079
798962
482653
968429
874661
608822
108830
602156
914456
991188
297268
796813
197388
200991
763390
963332
568931
178156
952960
219689
151856
978517
618464
909471
667649
410640
851185
888593
451767
703015
657407
515057
386241
208860
886677
976327
541985
754741
584976
755412
663865
458168
220067
361844
596824
397986
545721
809477
132714
203570
989116
887434
173329
694137
333736
450393
281279
573523
990586
116321
570191
586631
700504
610946
379348
482512
278919
871399
396571
192828
276863
291450
860457
834894
197080
973845
929388
217471
113011
545812
100235
479536
367059
209041
271315
486844
537600
513209
827825
440825
129239
541402
451263
291955
624961
870039
696964
772788
514207
750796
124196
662683
669526
122888
866386
874311
712819
320347
220016
874371
134305
348192
153976
390481
699881
512261
533887
864001
143253
265101
241134
558868
149184
724643
318796
699772
747956
631546
843710
756378
857313
888759
632257
809741
764115
220352
230801
726911
689736
901132
873636
232321
744194
312634
134815
515209
267036
661969
453350
465666
373136
673360
732476
767919
540930
108661
258422
889247
883892
924566
108727
463332
579560
730356
852922
763067
862987
921805
289572
907287
478712
553807
245973
397941
233868
396034
858425
500244
448951
533276
328093
884592
896460
746192
579951
484705
684114
842921
513704
150585
336222
247788
960192
876317
969831
146169
248749
580750
329142
141238
914300
722916
785313
900363
287317
470823
598401
373739
641293
174830
558055
932432
621134
542145
376330
518509
946965
120631
841890
627085
225162
307110
518574
265508
502112
964347
332624
274688
729810
574337
690848
328530
354374
543375
331126
998742
672072
548122
516473
305290
472467
766579
673931
911496
915716
658003
101885
823061
273230
280711
466124
451027
466012
779945
623153
715504
572896
102454
362708
777657
398327
590278
596778
937351
592771
947331
680731
380168
400310
671736
903174
513113
221947
200236
208360
331165
403198
361142
420393
192607
478571
687002
774704
462042
401080
607815
514698
654945
241189
197714
574860
326689
147823
576504
692220
394729
628778
156472
250389
582114
378784
116044
440844
901444
377331
671112
348338
547421
704111
428678
328566
756725
982766
581533
823272
241865
997555
271638
887677
501493
729397
530512
122819
563926
740088
781795
756853
509732
116510
245237
296178
122660
487674
597824
989517
864202
689168
486159
715327
542082
677381
945459
306829
610456
635169
554136
868377
793892
566023
662333
904150
470770
943347
804571
507056
495625
786016
710781
995006
188898
864187
613231
531351
382647
699753
625957
254386
704524
106036
891765
969816
153206
499481
801167
283672
153483
545276
424907
363322
688905
340651
421291
914435
872572
576620
878422
140616
853073
498988
685264
947815
112490
990146
208731
638926
334875
380325
954243
531807
421015
972530
208053
252270
130517
820691
304040
941967
523043
175402
574524
747908
949228
460114
453088
633294
439820
457174
951189
693698
717752
589631
497753
293208
890983
672842
417496
616392
252366
114282
216623
303846
541939
347705
238337
270571
107099
853561
678260
396895
218003
158131
540659
292259
850289
358451
865693
515406
509893
701115
155195
429532
611413
215326
505180
760666
286035
120277
768273
212759
617421
117846
887646
990823
403122
102811
954511
462580
980544
519020
658064
767049
185368
261416
774641
949438
403522
538917
546887
491602
468861
957460
340404
350372
396218
546071
356672
189443
702103
512250
813737
946828
234442
109417
131303
392582
473777
459982
229647
219613
141189
537013
204503
542275
808115
355257
907754
351641
897382
503288
986784
316825
284913
585153
180327
262899
676209
394629
316192
433659
894963
102604
303501
303169
163915
590727
883331
364049
420608
800516
392717
643818
859861
542296
755921
697897
824998
756510
865577
695567
373826
459096
111307
418902
836668
262827
198135
148167
523931
758579
943557
174680
488046
502466
421572
659553
484946
964946
870270
848556
784131
189889
630558
799142
839503
577867
365753
426082
149959
821694
936162
192710
791202
416381
937286
563679
981645
224709
115766
645893
109877
110512
246330
284810
210801
238358
257431
190916
802138
618424
813152
451251
662994
385010
479796
751180
498110
583852
689208
280672
603884
391473
877883
123095
507145
371970
349036
517547
432541
992948
429948
634034
961845
722240
894907
809090
125327
934509
890748
796937
568590
961964
183277
962331
133284
433268
896847
213446
676795
365965
378267
618699
172109
342974
107100
971484
331999
386050
605362
596971
287120
661544
998789
761454
632395
133967
203753
937946
672584
744573
422892
161936
999779
829745
441317
678716
124535
243631
794119
679932
143128
758385
665108
292465
530359
106422
870619
284737
777469
281306
272195
861230
326677
735506
298342
374206
444389
986337
338388
446738
635050
359318
516638
326600
612218
936207
160194
636797
984704
963258
176822
862759
356188
982875
735962
339320
127014
369678
203449
148553
730782
568511
431193
247804
205463
420809
189039
609913
595210
228313
960967
205807
888442
175536
397208
851346
250754
442696
555579
676289
652840
975798
904040
857427
163256
242133
963501
358758
125728
602154
949858
143187
142395
850614
660975
160508
483123
305156
803353
761817
902515
178883
117051
232122
478596
504905
983735
144702
106420
305405
296341
970509
720053
146589
501607
491995
434064
742431
156036
311277
704789
281947
233383
336886
581418
277109
713426
558985
334617
153958
178326
897845
935333
282121
349337
518695
160170
812728
419855
609975
894337
650517
306148
736517
765955
525788
424223
456097
626634
831297
408806
423916
246276
115564
970592
138121
779838
850329
398940
241279
955120
589715
443606
918283
777230
485821
186109
291649
330243
448244
197216
218119
746435
934081
646094
917991
344255
699568
804185
707210
776307
308899
499664
489683
428163
877255
449430
673009
465643
738094
549209
631081
699446
942617
144119
284672
298898
208151
182340
169886
291423
938306
195053
880227
208290
536727
770082
764851
625298
195507
169630
413043
714666
998949
572750
560225
615230
850321
955278
422035
839422
459120
372144
631523
162277
964276
932509
146917
359950
725185
759410
627227
867977
652451
263657
135512
147497
350876
230506
396017
435485
352495
243088
450891
292355
143185
940620
333750
938577
136314
259686
987195
911805
564797
989749
171027
159542
568326
390714
264208
875504
293847
106515
959200
262461
685345
598074
308882
239302
991579
444055
169564
237947
925891
210820
177320
301155
359432
866204
512166
142804
449013
770160
590348
924186
107977
987108
906337
701395
966775
695767
942021
535050
565004
174611
377148
466628
519721
270704
957369
199370
434053
351743
485296
123275
855738
972525
434634
674241
512822
156157
223528
523726
971722
496775
513380
724881
888316
207335
248871
119560
247494
266105
441067
221656
420578
517039
442649
585797
590356
296317
585772
950075
384100
388184
710435
987790
110388
287826
873632
345205
272106
744318
297996
350487
925659
211137
564179
289836
142301
886183
295998
423825
967215
981871
346452
893602
862066
356147
221859
576137
671062
692405
868259
655905
846826
578815
738853
628798
691348
743326
711922
310370
243747
987022
588254
225551
438680
598434
880123
707280
704630
574364
511850
716334
288719
185856
545199
789135
822058
935534
553813
998577
615241
160930
270133
149638
126897
843849
545057
111114
965226
886715
824588
429812
404209
219170
132429
198014
529555
478407
887894
700080
566259
221063
619855
827943
515557
762670
932790
987680
395508
551492
305206
417593
173783
620904
925617
715872
826808
867238
146541
168765
575075
763049
780327
483871
981109
932445
701173
923167
298255
396446
200197
409428
101463
810514
395791
215993
433227
378309
445832
349219
509200
309836
975389
423345
929437
351091
790820
152102
489154
890481
432347
683831
886578
228388
299384
724445
839466
353799
436209
143751
859462
880139
363985
443923
542394
106798
469627
299562
198682
813303
976807
297947
865614
861067
812339
950896
334889
956113
592146
828500
323078
862855
983895
298753
796638
363753
149592
848415
102107
970000
555033
405681
279266
502091
371648
961015
130855
233471
398219
763642
715117
382145
463182
153251
156755
919681
588626
270036
172776
609598
785228
547924
378722
810411
142834
987047
240014
313108
216247
754480
501687
687400
651051
252845
406775
582265
638248
462049
184342
927965
884097
765946
725378
836482
661098
495807
260537
973381
908316
996548
481728
943824
570275
747701
615593
363829
194297
228953
151084
771648
434374
377708
402084
769624
736329
110080
329922
696722
189715
988010
950749
493089
318438
837366
654138
824250
285194
231411
778759
995860
502709
916238
501731
797580
677394
642922
798311
440063
365613
439764
325608
627764
773618
231866
199876
123576
883714
594080
570191
597221
940757
282766
253151
729611
842538
530450
964062
994673
522892
323274
846861
994859
183241
219172
614101
707994
893810
417451
241318
566035
947988
928522
108168
978280
672034
367019
462482
448989
430927
361434
573753
745622
709925
956751
282046
487635
629285
990344
153168
897691
958702
761367
880415
976093
352853
292247
375331
394947
326241
764618
836173
665088
929946
551003
516368
954286
152803
502576
892490
685874
796059
230244
292873
826180
717263
382345
692799
129929
263715
751806
191796
814374
569060
640797
659130
664570
366134
109905
216131
608488
308907
311262
703196
490446
201662
424838
542598
105469
292326
418736
933683
726138
200592
937241
696398
387873
459978
749695
648344
791979
872231
254964
885514
930509
693369
268474
115860
382590
842079
617305
839334
494407
135377
382906
879003
207113
970538
203442
485737
711872
329140
500400
594994
214136
979572
276878
622406
802410
579147
968828
644611
701548
758171
666008
515218
922710
769314
115825
875324
440067
896170
204754
415726
633556
293227
260595
181046
612599
763027
400241
653884
964524
476025
704811
673727
171665
324319
483865
950333
424884
797851
640959
284812
732790
284622
470685
836138
492840
806879
989408
737408
454954
415987
855050
197641
772383
976905
795050
130370
252437
558010
700765
318248
326652
980475
106113
518328
358508
405575
752676
347076
117364
934359
274536
756491
780658
686814
877676
489246
733371
756234
756221
627166
354050
622684
193753
938454
519073
784121
321341
362543
714570
103651
352046
372149
865324
370914
741912
451125
727703
846233
414307
584156
512932
658306
891410
950059
435060
729782
472100
914383
518257
332354
119850
593211
886625
332302
772930
111138
646720
538140
751963
402385
154584
729733
388857
365023
332500
111506
144776
531710
658301
797191
402891
170122
791996
678515
204685
542047
188830
833056
426884
408191
425413
582832
417848
640946
492488
652890
243230
491415
857644
853176
599108
470506
915893
384031
147130
501935
689346
462530
287122
410336
967671
775714
632247
567375
311723
777091
540318
630689
978665
870543
318847
339903
393162
392351
452639
945132
648147
728198
284505
489549
269123
912128
619144
208816
789315
852499
803962
379705
594321
636418
628912
328149
458776
488630
616822
545359
510390
986935
915438
304073
978320
605891
762417
496908
633388
570427
181962
875673
160646
810363
919025
684324
821829
863305
704159
816475
666388
813514
310172
612549
940812
998199
875776
385613
729707
497091
623644
381202
120038
885174
964238
836410
485022
432389
290780
578875
441773
478717
728079
511271
977726
611275
405885
566636
538190
338636
558519
741162
210714
668046
222684
612992
503063
854588
985740
702737
667979
808201
645173
588490
443637
368128
893790
504851
573308
919582
161098
413624
477198
433918
681594
460458
963118
263943
576169
450518
705468
658264
180969
170638
491758
440517
507885
442355
308864
704504
635172
259127
352000
217820
877576
737798
569488
466639
268713
150255
470510
108726
993283
134442
214249
872292
353247
970480
271312
517218
479916
801512
908998
396898
722495
901304
154664
915998
206465
909719
551590
116233
979454
822933
370278
308002
256449
793827
291643
812867
992681
249297
413015
670825
763709
714343
406748
916939
242325
455123
272197
542668
971984
788101
311702
177181
678605
806358
187401
701689
158706
305287
493426
244188
620961
351698
865853
488005
792007
443009
609034
797296
867648
786564
824873
446389
718906
145900
767268
542699
868735
541538
584401
787501
844420
676583
601354
733376
383740
170150
774694
265792
910529
389572
129761
495238
394470
380405
787122
439712
937335
757603
329639
683773
619394
140175
509147
553420
514106
761649
320627
971426
354182
100027
598131
432029
156606
248459
285900
488987
203029
734935
643420
463839
778268
777223
643163
674207
963149
159801
406177
359246
894906
756896
630310
968759
967864
350766
150942
628600
484793
402207
945361
801377
730715
615916
437263
620896
922182
215844
891359
744255
269587
433852
678632
384722
208309
729057
855955
942266
245309
922160
342205
955814
270851
427921
446974
621926
202984
727718
934049
779787
891966
138157
231449
144027
568890
500449
406714
279528
568214
691397
837845
804967
791599
433064
132632
543993
663094
698462
683483
843976
374552
113442
488086
476970
477693
758261
715955
971603
458135
424100
549653
640247
598284
160319
878952
137889
157851
179728
751963
784612
464014
386937
358061
884496
368463
314779
813181
588677
935075
646912
582256
364662
850578
391323
882389
593701
658841
251341
907195
552165
416878
315023
837976
238610
709494
585876
256614
390368
612091
158843
813486
168608
397545
806673
523162
448885
737296
846137
153264
418738
138857
681077
649253
319388
543191
402077
719580
326593
207870
924664
399022
664394
320111
163362
907496
642074
476848
364981
159752
477186
976726
672920
581162
546634
280641
734018
903821
575535
463909
113061
128694
120557
832355
527462
156546
817718
104850
754467
575160
921362
606861
647108
192553
240945
645864
373872
913852
104507
850778
761573
330615
708245
843251
140740
825259
911187
834609
514764
261864
122497
356498
142152
140178
303348
998737
505065
290500
135152
676320
475714
547784
946871
722117
752000
380806
748864
854847
975617
524450
297098
372337
894325
140578
843214
123440
270666
114884
708742
814523
664991
160198
537387
450696
568802
519438
755795
692657
661971
100941
234958
581477
976881
870834
179861
433335
492138
674558
882591
145235
487738
363241
889813
132243
175752
987227
722118
808025
835996
746695
696247
682779
335104
592196
856912
731776
681349
100459
782732
449390
531093
624049
240399
194946
508890
999344
176569
606699
872751
645802
995716
849056
477502
588474
417287
282268
321196
794280
968651
559464
299510
817552
538183
907975
859216
123344
622865
378710
941043
503476
385911
295576
493210
197205
347629
696309
373562
823368
130998
797523
296130
527424
370072
791319
945782
710489
597078
787836
164293
487874
563931
798049
489857
363327
436738
486141
473834
540208
952906
242442
988984
819922
137669
214917
574637
375026
835366
971464
659370
129324
731842
103499
312736
120745
948044
967713
389907
975142
159528
982148
883603
213086
986758
798112
340347
692468
176451
775072
564585
231773
577402
702732
239819
495005
242343
693979
399562
753837
682972
494117
981634
209566
231837
175095
930928
169680
781176
846033
266998
524201
941817
227251
154037
332157
755859
496984
656449
830884
912547
658537
701718
248428
444002
680050
915943
984445
592704
831611
169902
633152
258728
617417
376738
516653
995863
975911
620928
713582
720174
660924
580913
984187
140491
184974
455961
155797
987260
789934
160338
333515
705553
638931
957887
584429
214799
842797
802649
533827
651244
568280
628922
904674
455493
711904
395986
528316
994003
339296
435839
672970
313882
386819
742653
288500
703587
557919
595758
859313
463161
996768
101288
149194
639349
362400
964221
505104
431998
428491
255872
188766
229024
764345
469559
476071
750430
446016
710233
197565
870383
403891
189019
922072
363266
940796
364174
943577
962936
310572
381007
580097
846674
932671
928585
475526
855938
208587
212904
570637
599892
605609
548684
785054
723243
372015
370206
731933
552103
971720
562820
596398
202677
916356
399636
758179
177354
784580
928904
144713
316122
461941
509134
468924
811808
390803
664961
618848
328348
764682
702731
784783
767110
663771
629358
932154
436823
751611
297147
214293
772779
880997
222075
428576
498079
283143
105872
414636
373498
315917
972920
608100
162220
562556
330922
151743
767974
901930
830613
473188
289798
928079
461081
921689
185997
753139
189904
964349
946015
704959
715054
997672
252609
460387
122226
647057
880270
944646
822493
223996
303260
783836
247402
504517
816247
468371
912635
134968
908224
140206
738985
556845
483546
714217
320131
182395
283662
680008
140173
456875
605035
255376
347330
661434
856794
301615
786401
633740
562548
757346
625939
895952
330168
488163
654089
393129
